image: map_rtabmap4.pgm
resolution: 0.050000
origin: [-2.002662, -9.023602, 0.000000]
negate: 0
occupied_thresh: 0.65
free_thresh: 0.196

