image: /home/laksh/Desktop/teleop8_day2.pgm
resolution: 0.050000
origin: [-8.001164, -6.242743, 0.000000]
negate: 0
occupied_thresh: 0.65
free_thresh: 0.196

