image: my_map3.png
resolution: 0.050000
origin: [-6.855000, -4.311552, 0.000000]
negate: 0
occupied_thresh: 0.65
free_thresh: 0.196

