image: rtabmp_laser.pgm
resolution: 0.050000
origin: [-33.537621, -20.156231, 0.000000]
negate: 0
occupied_thresh: 0.65
free_thresh: 0.196

