image: thub_full.pgm
resolution: 0.050000
origin: [-4.703524, -6.910012, 0.000000]
negate: 0
occupied_thresh: 0.65
free_thresh: 0.196

